Reports per capita for a given country:
Country	Total reports	Population 2012 (in 1000s)	Reports per capita
---------------------------------------------------------------------------
Bhutan	14	750.0	0.0186666666667
Marshall Islands	1	56.0	0.0178571428571
Samoa	3	185.0	0.0162162162162
United States	4642	315791.0	0.0146995956186
Qatar	28	1939.0	0.014440433213
Sierra Leone	88	6126.0	0.0143650016324
New Zealand	56	4461.0	0.012553239184
Iceland	4	328.0	0.0121951219512
Dominican Republic	124	10183.0	0.0121771580084
Honduras	95	7912.0	0.0120070778564
Canada	396	34675.0	0.011420331651
El Salvador	68	6264.0	0.0108556832695
Guinea	90	10481.0	0.00858696689247
Paraguay	55	6683.0	0.0082298368996
Cuba	78	11249.0	0.00693394968442
Cape Verde	3	505.0	0.00594059405941
Costa Rica	27	4794.0	0.00563204005006
Mexico	652	116147.0	0.00561357589951
United Kingdom	330	62798.0	0.00525494442498
Israel	40	7695.0	0.00519818063678
Argentina	206	41119.0	0.00500984946132
Uganda	178	35621.0	0.00499705230061
Malta	2	419.0	0.00477326968974
Greece	51	11419.0	0.0044662404764
Jamaica	12	2761.0	0.0043462513582
Portugal	45	10699.0	0.0042060005608
Swaziland	5	1220.0	0.00409836065574
Australia	92	22919.0	0.00401413674244
Ireland	18	4579.0	0.00393098929897
Switzerland	30	7734.0	0.00387897595035
Panama	14	3625.0	0.00386206896552
Gambia	7	1825.0	0.00383561643836
Estonia	5	1340.0	0.00373134328358
Barbados	1	275.0	0.00363636363636
Chile	63	17423.0	0.00361591000402
Fiji	3	876.0	0.00342465753425
Mauritania	12	3623.0	0.00331217223296
Haiti	33	10256.0	0.00321762870515
Bolivia	30	10248.0	0.00292740046838
Armenia	9	3109.0	0.00289482148601
Peru	82	29734.0	0.00275778569987
Latvia	6	2235.0	0.00268456375839
Denmark	15	5593.0	0.00268192383336
Russia	375	142703.0	0.00262783543443
Saudi Arabia	73	28705.0	0.00254311095628
Namibia	6	2364.0	0.00253807106599
Guinea-Bissau	4	1580.0	0.00253164556962
Jordan	16	6457.0	0.00247793092768
Tunisia	26	10705.0	0.00242877160206
Egypt	202	83958.0	0.00240596488721
Brazil	476	198361.0	0.00239966525678
Nicaragua	14	5955.0	0.00235096557515
Venezuela	70	29891.0	0.00234184202603
Serbia	21	9847.0	0.00213262922718
Croatia	9	4387.0	0.00205151584226
Netherlands	32	16714.0	0.0019145626421
Norway	9	4960.0	0.00181451612903
Angola	36	20163.0	0.00178544859396
Uruguay	6	3391.0	0.0017693895606
Ukraine	75	44940.0	0.00166889185581
Kyrgyzstan	9	5448.0	0.00165198237885
United Arab Emirates	13	8106.0	0.00160375030841
Belgium	17	10788.0	0.00157582499073
Albania	5	3227.0	0.00154942671212
Spain	72	46772.0	0.00153938253656
Singapore	8	5256.0	0.00152207001522
Bahrain	2	1359.0	0.00147167034584
Cambodia	21	14478.0	0.00145047658516
Colombia	63	47551.0	0.00132489327249
Guatemala	20	15138.0	0.00132117849121
Guyana	1	758.0	0.00131926121372
Nepal	40	31011.0	0.00128986488665
Vietnam	115	89730.0	0.00128162264571
Zimbabwe	16	13014.0	0.00122944521285
Zambia	17	13884.0	0.00122443099971
Germany	95	81991.0	0.00115866375578
Kenya	46	42749.0	0.00107604856254
France	67	63458.0	0.00105581644552
Kuwait	3	2892.0	0.00103734439834
Ghana	24	25546.0	0.000939481719252
Finland	5	5403.0	0.000925411808255
Sri Lanka	19	21224.0	0.000895212966453
Philippines	80	96471.0	0.000829264753138
Ecuador	12	14865.0	0.000807265388496
Pakistan	139	179951.0	0.000772432495513
Mauritius	1	1314.0	0.00076103500761
Czech Republic	8	10566.0	0.000757145561234
China	1005	1353601.0	0.000742463990496
Austria	6	8429.0	0.000711828212125
Hungary	7	9950.0	0.00070351758794
Mongolia	2	2844.0	0.00070323488045
Oman	2	2904.0	0.00068870523416
Kazakhstan	11	16381.0	0.000671509675844
Mali	10	16319.0	0.000612782645995
Sudan	28	45722.0	0.000612396658064
Italy	36	60964.0	0.000590512433567
Malaysia	17	29322.0	0.000579769456381
Moldova	2	3519.0	0.000568343279341
Papua New Guinea	4	7170.0	0.000557880055788
Benin	5	9352.0	0.000534644995723
Iraq	18	33703.0	0.000534077085126
Azerbaijan	5	9421.0	0.000530729221951
Sweden	5	9495.0	0.000526592943655
South Africa	26	50738.0	0.000512436438173
Somalia	5	9797.0	0.000510360314382
Malawi	8	15883.0	0.000503683183278
Thailand	34	69892.0	0.000486464831454
Liberia	2	4245.0	0.000471142520612
Romania	10	21388.0	0.000467551898261
Lebanon	2	4292.0	0.000465983224604
Algeria	16	36486.0	0.00043852436551
Chad	5	11831.0	0.000422618544502
Morocco	13	32599.0	0.000398785238811
Yemen	10	25569.0	0.000391098595956
India	480	1258351.0	0.000381451598163
Slovakia	2	5480.0	0.00036496350365
Madagascar	8	21929.0	0.000364813716996
Nigeria	55	166629.0	0.000330074596859
Niger	5	16644.0	0.000300408555636
Tanzania	14	47656.0	0.000293772032902
Syria	6	21118.0	0.000284117814187
Bulgaria	2	7398.0	0.000270343336037
Japan	32	126435.0	0.000253094475422
Central African Republic	1	4576.0	0.000218531468531
Indonesia	52	244769.0	0.000212445203437
Iran	16	75612.0	0.000211606623287
Belarus	2	9527.0	0.000209929673559
Cameroon	4	20469.0	0.00019541746055
Myanmar	8	48724.0	0.000164190132173
Laos	1	6374.0	0.000156887354879
Libya	1	6469.0	0.000154583397743
Afghanistan	5	33397.0	0.000149714046172
Tajikistan	1	7079.0	0.000141262890239
Poland	5	38317.0	0.000130490382859
Ethiopia	10	86539.0	0.000115554836548
Burundi	1	8749.0	0.000114298777003
Uzbekistan	2	28077.0	7.12326815543e-05
Burkina Faso	1	17482.0	5.72016931701e-05
Mozambique	1	24475.0	4.08580183861e-05
Turkey	2	74509.0	2.68423948785e-05
Bangladesh	3	152409.0	1.96838769364e-05